total_number_routes=90
total_route_len=40356.181
#rnum #length #load #depot-#customers-#customers-...-#customers-#depot
1 477.013 190 1001-6-268-980-210-574-118-897-202--1001
2 292.388 200 1001-23-543-679-604-742-781-880-703-493--1001
3 576.046 190 1001-28-775-973-188-527-245-793-636-147--1001
4 605.992 200 1001-35-825-932-54-195-177-769-135-724-379-525-791--1001
5 230.365 200 1001-36-218-371-424-90-395-519-728-65-186-745--1001
6 430.968 200 1001-38-262-212-63-618-632-366-192-12--1001
7 345.759 200 1001-66-545-778-129-8-491-821-150-383-695--1001
8 529.918 200 1001-76-631-467-333-639-229-730-88-659-110--1001
9 708.115 200 1001-79-664-49-489-490-16-669-731-375-701-436--1001
10 609.615 200 1001-95-834-557-381-271-215-630-80-236-264-750-642--1001
11 455.559 200 1001-106-158-81-385-537-124-816-412--1001
12 579.454 200 1001-108-182-470-93-203-716-706-875-693-762-601-232--1001
13 547.112 200 1001-115-962-486-743-440-512-397-939-123-552--1001
14 354.122 200 1001-116-813-840-463-586-906-541-886-174-522-811-905--1001
15 579.732 200 1001-164-323-242-419-622-942-885-609-877-843--1001
16 367.011 200 1001-167-293-542-928-952-619-446-396-733-15-73-741--1001
17 552.946 200 1001-175-111-551-94-913-539-891-892-133-692-373--1001
18 561.378 200 1001-190-842-50-675-822-459-830-872-903-127--1001
19 418.056 200 1001-191-308-316-678-461-47-773-389-603-513--1001
20 553.877 200 1001-194-84-867-779-595-847-753-582-300-965-989--1001
21 565.895 200 1001-208-425-332-972-331-422-974-944-401-579--1001
22 363.575 200 1001-231-1-70-496-166-515-307-325-673--1001
23 340.119 200 1001-238-597-287-772-506-626-471-260-855--1001
24 559.604 200 1001-244-896-200-634-624-201-445-517-454-846-92-426--1001
25 429.407 200 1001-285-356-472-393-967-474-688-315-518-411--1001
26 514.955 200 1001-299-449-602-546-759-377-296-995-468--1001
27 598.265 200 1001-301-777-564-320-360-763-991-641-805--1001
28 306.864 200 1001-306-294-504-766-343-930-756-241-230-169--1001
29 500.527 200 1001-309-890-721-253-651-11-916-987--1001
30 338.402 200 1001-327-32-520-243-686-644-25-1000--1001
31 527.534 200 1001-328-879-501-683-799-594-503-399-98-82-156--1001
32 410.714 200 1001-336-508-254-152-112-157-29-757-101-392-453-860-283--1001
33 552.790 200 1001-351-682-475-48-935-484-653-975-434-765-497--1001
34 656.974 190 1001-363-797-45-68-575-295-180-302-187-19--1001
35 676.191 200 1001-364-492-882-400-752-269-350-570-219-789--1001
36 424.205 200 1001-380-44-4-17-9-89-18-105-97-919-666-689--1001
37 685.462 200 1001-384-853-432-727-288-835-858-361-839-608-994--1001
38 463.825 200 1001-386-792-901-909-259-319-145-803-165-128-691-668-874--1001
39 326.002 200 1001-388-760-272-321-353-983-499-405-548-900--1001
40 502.693 200 1001-390-977-481-74-795-114-338-895-416-284-234--1001
41 287.556 200 1001-394-524-40-282-298-119-610-699-59-140--1001
42 575.046 200 1001-406-820-502-222-927-509-465-196-674-871--1001
43 458.449 200 1001-415-322-627-172-559-698-462-705-122--1001
44 413.452 200 1001-435-250-629-829-523-117-768-657-863-330-248--1001
45 457.073 200 1001-473-109-352-600-870-786-274-869--1001
46 662.374 200 1001-482-625-990-584-60-809-993-864-790-280-43--1001
47 464.706 200 1001-487-255-572-289-899-85-423-950-554-233-881-650--1001
48 630.864 200 1001-529-184-14-955-139-700-754-645-889--1001
49 562.115 200 1001-532-33-209-709-372-894-672-876-313-616--1001
50 551.217 200 1001-535-303-226-671-978-851-134-358-409-345-936-739--1001
51 653.055 200 1001-536-257-121-966-635-247-113-452-448-367-347-83--1001
52 184.962 200 1001-544-278-511-898-979-915-732-488-923--1001
53 616.888 200 1001-553-103-170-240-216-349-178-237-176-865--1001
54 348.680 200 1001-562-291-57-131-953-560-418-159-148-77--1001
55 344.271 200 1001-577-533-329-249-945-20-27-189-153-225--1001
56 194.294 200 1001-581-933-52-335-444-918-654-368-628--1001
57 340.158 200 1001-599-755-704-99-10-649-556-598-273--1001
58 425.442 200 1001-611-940-534-738-807-314-770-637--1001
59 324.785 200 1001-623-734-228-107-776-162-992-495--1001
60 450.454 200 1001-633-859-324-421-369-261-838-697-814-357--1001
61 169.150 200 1001-638-72-573-337-613-947-588-439--1001
62 428.447 200 1001-648-949-197-767-214-198-64-589-964-808--1001
63 543.822 200 1001-652-681-948-91-96-275-378-75-713-185-341--1001
64 377.047 200 1001-655-976-458-798-51-591-141-239-220-55-883-687--1001
65 285.816 200 1001-660-3-402-456-565-193-670-646-263--1001
66 458.219 200 1001-680-986-938-818-744-61-34-736-922-911--1001
67 650.409 200 1001-711-403-970-729-413-866-887-408-690-812-614--1001
68 109.982 200 1001-714-643-143-844-956-661-438-498-561--1001
69 663.997 200 1001-722-718-326-334-100-414-430-802-550-531-483--1001
70 438.287 200 1001-725-823-258-958-505-142-516-431-606-256--1001
71 474.273 200 1001-740-479-437-719-204-37-292-696-205-746-514--1001
72 234.662 190 1001-758-774-478-286-277-311-893--1001
73 541.232 200 1001-784-708-460-852-428-907-429-235-596-749--1001
74 506.336 200 1001-785-267-837-104-132-925-526-223-24-217-568-443--1001
75 327.895 200 1001-815-658-656-771-761-168-592-464-281--1001
76 339.623 200 1001-819-999-246-943-723-920-227-850-828-433-567-161-71--1001
77 209.027 200 1001-836-69-951-796-694-87-996-120-365--1001
78 476.928 200 1001-849-476-788-528-354-555-342-558-549-685-346--1001
79 468.985 200 1001-854-783-640-861-339-457-206-427-67-7--1001
80 348.499 200 1001-914-362-621-969-213-251-455-252-86-485-78--1001
81 188.089 200 1001-924-155-224-312-199-737-583-21-566-420-702--1001
82 140.190 200 1001-926-800-211-359-442-804-715-888-824-355--1001
83 459.732 200 1001-931-173-151-137-998-26-921--1001
84 521.838 200 1001-937-181-407-102-934-720-126-265-2-53-62-912--1001
85 601.560 200 1001-957-787-806-710-318-831-961-587-58-179-450--1001
86 500.130 200 1001-960-810-620-959-841-580-304-480-684-833-56--1001
87 270.130 200 1001-981-125-954-404-39-782-857-612-904-971--1001
88 605.903 200 1001-982-707-868-154-370-827-832-270-171--1001
89 244.874 190 1001-985-30-305-884-5-477-398--1001
90 305.831 190 1001-997-585-41-279-31-276-466-726--1001
