total_number_routes=90
total_route_len=39672.035
#rnum #length #load #depot-#customers-#customers-...-#customers-#depot
1 540.872 200 1001-6-268-980-210-574-118-897-202-552--1001
2 272.663 200 1001-23-543-902-298-119-610-40-524--1001
3 586.661 200 1001-28-775-973-188-527-245-793-636-147-747--1001
4 550.788 200 1001-35-825-932-868-154-370-827-832-270-171--1001
5 443.337 200 1001-38-633-262-63-212-324-421-369-261-838-697--1001
6 345.759 200 1001-66-545-778-129-8-491-821-150-383-695--1001
7 525.048 200 1001-76-631-467-333-639-229-730-110-42-145--1001
8 708.115 200 1001-79-664-49-489-490-16-669-731-375-701-436--1001
9 526.511 200 1001-84-468-296-759-377-546-995-449-602--1001
10 609.615 200 1001-95-834-557-381-271-215-630-80-236-264-750-642--1001
11 450.341 200 1001-106-158-81-385-412-816-124-537--1001
12 604.583 200 1001-108-525-379-724-135-607-177-769-195-292-696--1001
13 545.952 200 1001-115-962-486-743-440-512-397-939-123-555-558--1001
14 608.088 200 1001-160-331-972-401-237-570-400-752-269-275--1001
15 402.677 200 1001-162-435-250-629-523-117-768-657-863-330-248--1001
16 366.477 200 1001-167-293-542-928-73-15-952-619-446-396-733-741--1001
17 517.602 200 1001-175-373-692-133-913-539-891-892-144-867-194--1001
18 586.164 200 1001-176-882-350-216-240-349-178-170-219-492--1001
19 168.655 200 1001-183-36-311-893-130-725-612-904-971-628-376--1001
20 621.571 200 1001-184-139-955-14-645-754-700-889--1001
21 559.203 200 1001-190-842-50-675-822-459-830-872-903-127--1001
22 503.222 200 1001-217-267-837-132-925-526-223-568-549-685--1001
23 333.425 200 1001-231-1-70-496-166-515-307-599-687--1001
24 580.606 200 1001-232-182-470-93-601-762-693-203-716-706-875-88--1001
25 340.882 200 1001-238-597-287-772-506-626-471-260-78-13--1001
26 458.277 200 1001-272-760-386-792-901-909-259-803-165-128-691-668-874--1001
27 291.154 200 1001-282-781-679-604-742-880-703-493-441--1001
28 440.556 200 1001-285-474-688-315-967-518-189-680-27--1001
29 595.831 200 1001-301-777-564-320-360-763-372-416-284--1001
30 305.289 190 1001-306-294-766-343-930-756-241-230-169--1001
31 470.077 200 1001-308-461-316-678-47-389-569-559-627-698-462--1001
32 508.804 200 1001-309-890-651-721-253-11-847-916-595-908--1001
33 262.706 200 1001-335-577-249-945-20-689-138-905-225-329-533-530-699--1001
34 410.714 200 1001-336-508-254-152-112-157-29-757-101-392-453-860-283--1001
35 539.397 200 1001-341-571-948-91-96-378-865-75-713-185-431--1001
36 425.284 200 1001-356-472-393-89-18-97-919-105-9-4--1001
37 650.294 200 1001-363-797-45-68-575-295-180-302-187-19-104--1001
38 341.870 200 1001-374-513-159-418-953-560-131-57-291-148-562--1001
39 454.147 200 1001-380-44-17-505-142-516-958-317-258-823--1001
40 685.462 200 1001-384-853-432-727-288-835-858-361-839-608-994--1001
41 575.046 200 1001-406-820-502-222-927-509-465-196-674-871--1001
42 498.130 200 1001-415-322-172-805-895-795-114-876-74-481-313--1001
43 533.543 200 1001-454-846-634-201-624-445-517-975-434-765-653-497--1001
44 239.449 200 1001-473-109-77-417-424-90-395-65-519-728-186--1001
45 230.061 200 1001-478-5-477-824-286-988-277-615--1001
46 662.374 200 1001-482-625-990-584-60-809-993-864-790-280-43--1001
47 662.916 200 1001-483-718-326-334-100-414-430-802-550-722-531--1001
48 466.149 200 1001-504-529-437-719-204-37-746-205-514-677-921--1001
49 296.956 200 1001-521-276-31-279-466-987-801-726--1001
50 559.507 200 1001-532-33-209-709-991-894-672-641-338--1001
51 533.130 200 1001-535-303-226-671-978-851-134-345-208-739-409--1001
52 653.055 200 1001-536-257-121-966-635-247-113-452-448-367-347-83--1001
53 189.404 200 1001-544-278-511-191-712-898-979-915-732-488--1001
54 460.457 200 1001-563-986-938-818-744-61-34-736-922-911-411--1001
55 119.193 190 1001-581-933-52-368-654-918-444-59-140-22--1001
56 470.391 200 1001-589-12-929-192-366-632-618--1001
57 193.639 200 1001-590-224-312-702-836-87-585-365-120--1001
58 425.031 200 1001-611-940-534-738-807-314-770-239-637--1001
59 319.058 200 1001-623-734-228-107-776-992-796-694--1001
60 169.150 200 1001-638-72-573-337-613-947-588-439--1001
61 526.596 200 1001-648-949-197-767-214-198-64-156-503-399-98--1001
62 375.176 200 1001-655-883-55-220-976-458-141-591-51-798-848-647--1001
63 285.816 200 1001-660-3-402-456-565-193-670-646-263--1001
64 650.409 200 1001-711-403-970-729-413-866-887-408-690-812-614--1001
65 110.861 200 1001-714-498-438-218-745-143-844-956--1001
66 311.055 190 1001-758-388-321-353-983-499-405-548-410--1001
67 517.624 200 1001-764-879-501-683-344-426-594-799-200-92--1001
68 506.897 200 1001-784-708-852-907-428-382-705-773--1001
69 540.623 200 1001-785-684-480-304-580-841-959-620-810-960-833--1001
70 327.895 200 1001-815-658-656-771-761-168-592-464-281--1001
71 337.530 200 1001-819-246-999-433-828-850-943-723-920-227-161-567-71--1001
72 476.334 200 1001-829-255-572-289-899-85-423-950-554-233-881-650--1001
73 507.532 200 1001-849-342-788-528-67-354-206-427-7-443-605--1001
74 345.364 200 1001-854-783-640-861-339-457-748-325-673--1001
75 448.728 200 1001-869-786-600-352-870-274-390-977--1001
76 329.498 190 1001-914-362-621-969-213-251-455-252-86-485--1001
77 437.652 200 1001-931-173-151-137-998-163-26-665--1001
78 562.083 200 1001-936-425-149-332-789-553-103-974-422-944-579--1001
79 521.838 200 1001-937-181-407-102-934-720-126-265-2-53-62-912--1001
80 333.864 200 1001-941-32-520-357-686-243-327-900--1001
81 354.774 200 1001-946-153-463-586-906-541-886-174-522-840-813--1001
82 336.141 200 1001-951-717-704-99-10-649-556-598-495--1001
83 601.493 200 1001-957-787-806-710-318-831-961-587-58-622-290--1001
84 137.045 200 1001-964-800-211-359-442-804-715-888-926-923--1001
85 596.390 200 1001-965-479-450-419-179-242-323-164-582-300-740--1001
86 263.442 180 1001-981-125-954-404-39-782-256-857--1001
87 543.953 200 1001-982-707-111-551-94-843-942-885-609-877--1001
88 547.464 200 1001-984-896-484-935-48-749-429-596-235-475-682--1001
89 250.329 200 1001-985-884-305-30-136-644-25-1000--1001
90 192.314 200 1001-997-69-566-21-737-199-873-155-924-576--1001
