total_number_routes=91
total_route_len=49819.609
#rnum #length #load #depot-#customers-#customers-...-#customers-#depot
1 691.909 200 1001-14-931-292-793-376-37-720-17-535-359-975--1001
2 642.077 200 1001-21-536-910-803-557-789-954-304-716-219-874-828--1001
3 588.812 199 1001-26-457-533-662-11-907-466-450-346-272--1001
4 457.127 199 1001-28-618-656-132-5-44-355-833-771--1001
5 516.267 200 1001-29-657-341-719-315-416-69-2-731--1001
6 541.458 199 1001-38-137-815-194-227-366-329-674-780-456--1001
7 555.279 197 1001-66-365-841-380-608-220-681-859-224-171-234--1001
8 337.758 199 1001-68-262-435-699-400-500-415-189-980--1001
9 622.258 199 1001-73-754-816-190-717-843-145-739-88-404--1001
10 299.638 198 1001-74-142-713-967-93-204-104--1001
11 827.149 197 1001-76-417-154-36-378-414-20-953-809-818-558--1001
12 631.988 200 1001-77-900-817-374-776-972-913-85-175-7-391--1001
13 645.253 198 1001-80-50-439-327-57-837-369-436-203-840-926--1001
14 560.248 199 1001-86-345-409-58-248-902-48-882--1001
15 583.670 200 1001-89-512-109-269-725-988-100-397-399-4--1001
16 329.476 199 1001-110-773-767-114-112-505-658-572-13--1001
17 470.615 199 1001-117-654-312-956-363-944-22-888-206-42--1001
18 709.752 200 1001-136-677-961-574-977-958-982-121-659-16-481-3--1001
19 479.089 199 1001-138-820-748-563-755-498-884-723-792-586-547--1001
20 743.439 200 1001-140-337-296-446-113-71-410-552-801-30-990--1001
21 409.386 199 1001-141-530-116-70-611-745-510-782-960-497--1001
22 766.888 200 1001-152-949-825-130-405-420-287-594-6-421--1001
23 772.576 199 1001-155-402-222-364-534-999-786-701-354-252--1001
24 592.870 200 1001-159-679-575-797-94-756-868-839-676-560-568--1001
25 594.189 199 1001-165-914-396-962-785-542-332-184-580-546-653-968--1001
26 279.005 199 1001-201-372-202-621-537-320-610-927--1001
27 497.494 200 1001-209-54-991-506-812-67-639-422-870--1001
28 280.024 197 1001-213-532-411-770-302-762-915-718-527--1001
29 421.023 199 1001-223-133-696-672-998-862-728-565-694--1001
30 444.533 200 1001-235-901-395-484-663-321-909-340-641--1001
31 677.896 200 1001-241-64-115-268-326-974-598-8-83-288-169--1001
32 654.207 198 1001-276-835-933-879-727-550-469-951-124-280-749--1001
33 583.645 200 1001-308-597-453-208-738-476-251-880-390-690-282-549--1001
34 598.205 200 1001-313-617-846-403-147-507-483-240-1-472-993-309-519--1001
35 285.761 200 1001-377-212-758-290-655-625--1001
36 449.968 199 1001-394-386-95-265-829-298-807-242-609-985--1001
37 721.070 199 1001-448-573-503-604-275-31-39-441-895-279--1001
38 706.544 199 1001-462-249-875-946-293-178-670-878-688-693-274-919--1001
39 469.518 199 1001-463-590-924-454-524-47-921-613--1001
40 594.344 200 1001-486-605-46-735-562-602-538-168-195-648--1001
41 523.244 198 1001-487-218-471-935-871-661-348-709-270-601--1001
42 448.682 200 1001-489-517-651-853-182-150-97-99-925-851-474--1001
43 652.314 197 1001-496-379-375-59-24-923-333--1001
44 497.284 200 1001-515-595-246-857-111-740-627-683-636--1001
45 548.705 200 1001-544-430-737-367-45-759-442-733-392-84--1001
46 785.140 200 1001-582-263-418-167-886-566-571-32-769--1001
47 493.598 199 1001-606-629-553-426-62-525-331-585-336-51--1001
48 503.489 198 1001-616-863-824-259-885-151-638-79-63-144--1001
49 731.861 200 1001-620-600-684-49-892-952-311-55-989--1001
50 547.368 198 1001-645-458-889-465-642-564-576-689-230-291-90--1001
51 363.728 200 1001-650-965-256-176-821-318-971-172-101--1001
52 714.241 200 1001-667-107-488-134-791-385-27-316-158-307-556-591-855--1001
53 616.242 199 1001-673-361-120-225-813-491-614-942-200-338-387-383--1001
54 677.550 198 1001-692-91-624-587-271-660-221-314-434-317-774--1001
55 368.514 200 1001-695-876-170-406-56-163-894--1001
56 480.786 197 1001-697-459-622-127-994-555-343-43-186-72-810--1001
57 561.847 200 1001-702-628-388-577-795-162-398-747--1001
58 385.020 199 1001-703-890-963-781-185-330-948-997--1001
59 514.810 200 1001-704-799-763-631-78-760-437-381-790--1001
60 519.948 200 1001-706-891-464-360-766-153-344-864-646--1001
61 647.867 199 1001-708-199-539-619-779-432-545-352-470-353-238--1001
62 467.628 200 1001-710-161-440-102-669-615-526-852-772-635-65--1001
63 486.770 200 1001-726-680-473-930-724-33-427-623-81-447--1001
64 623.198 200 1001-746-401-493-647-637-707-305-135-382-231--1001
65 736.684 199 1001-752-936-652-187-193-232-149-668-467-592-131--1001
66 223.868 199 1001-775-299-607-630-328-239-384-455-461-721-898--1001
67 349.001 194 1001-802-60-787-827-286-686-941-108-589--1001
68 547.536 199 1001-804-156-350-685-424-52-836-964-92--1001
69 539.918 200 1001-805-675-41-482-303-10-643-362-917--1001
70 775.555 199 1001-808-243-324-211-520-468-284-285-177-23-349--1001
71 363.854 196 1001-819-513-126-947-103-842-499-260--1001
72 630.593 198 1001-838-640-698-593-742-518-596-777-205-551--1001
73 633.211 200 1001-847-339-273-295-245-784-691-98-429-443-798--1001
74 526.878 199 1001-849-903-814-180-649-475-523-123-578-19--1001
75 260.857 199 1001-854-254-449-800-281-634-82-173--1001
76 519.960 200 1001-858-335-959-160-495-543-830-325-9--1001
77 583.414 199 1001-872-188-939-438-906-196-347-861-215-370-570-957--1001
78 373.192 199 1001-873-35-569-581-389-811-96-445-626--1001
79 552.899 200 1001-881-995-950-579-419-912-128-722-996--1001
80 465.034 200 1001-893-501-744-856-412-413-908-522-192-237--1001
81 797.112 200 1001-899-511-216-342-969-750-929-266-531-233-730--1001
82 445.550 199 1001-911-712-540-741-322-869-826-119-916--1001
83 511.100 199 1001-928-250-732-714-509-554-678-887-883-831--1001
84 348.638 199 1001-932-148-423-937-373-18-15-844-753--1001
85 659.848 200 1001-943-358-164-644-334-34-146-174-431-480-118-236--1001
86 777.302 198 1001-979-157-210-896-666-393-529-665-356-603--1001
87 724.793 199 1001-983-75-25-229-294-207-822-490-228-191-217--1001
88 544.830 197 1001-984-508-300-904-778-181-351-711-477-955-987-129--1001
89 529.728 198 1001-986-198-764-736-922-734-125-301--1001
90 640.331 200 1001-992-183-700-897-757-12-548-425-261-567--1001
91 565.679 200 1001-1000-289-934-143-583-258-588-179-867-197-832-940-492-428--1001
