total_number_routes=100
total_route_len=53762.923
#rnum #length #load #depot-#customers-#customers-...-#customers-#depot
1 550.504 200 1001-14-645-458-642-564-576-360-766-153-505-658-987-87--1001
2 712.965 195 1001-21-536-910-304-557-803-219-954-215-861-716--1001
3 96.146 49 1001-26-844--1001
4 528.580 194 1001-28-799-374-389-526-615-451-272-450--1001
5 695.943 191 1001-46-953-268-326-974-598-735-8-83-288--1001
6 462.372 192 1001-53-38-126-482-303-10-513-761--1001
7 574.787 190 1001-66-365-199-234-395-663-484-353-238-926-840--1001
8 603.124 200 1001-68-680-473-846-194-507-240-1-147-472-993--1001
9 635.539 193 1001-73-816-593-742-518-596-777-759-205-551--1001
10 309.224 128 1001-74-116-70-611-827--1001
11 613.133 196 1001-77-905-897-757-548-102-413-522-900-925-851--1001
12 638.261 186 1001-80-50-439-327-57-878-688-670-539--1001
13 715.619 197 1001-86-345-409-248-113-71-307-556-715-393--1001
14 483.899 195 1001-89-590-924-991-812-67-560-782--1001
15 24.083 27 1001--1001
16 517.166 194 1001-117-944-841-608-220-681-859-380-22-15-371--1001
17 421.192 197 1001-122-148-937-495-9-585-426-259-547--1001
18 820.456 169 1001-128-949-216-969-207-822-342-531-266-233--1001
19 705.878 192 1001-136-677-977-574-982-961-32-769-16-3--1001
20 542.326 191 1001-138-160-156-335-312-956-363-404-830-430--1001
21 655.584 197 1001-139-477-818-605-17-535-359-975-561--1001
22 556.770 189 1001-140-337-58-583-258-588-179-867-197-143--1001
23 448.783 197 1001-141-372-497-524-745-510-826-119-887-883--1001
24 736.083 188 1001-152-929-825-130-405-420-287-806-874-789--1001
25 760.398 186 1001-155-402-222-364-552-801-529-665-356-603--1001
26 766.325 199 1001-201-417-154-187-892-149-668-494-344-646-13--1001
27 633.512 195 1001-209-454-870-869-562-648-168-195--1001
28 83.277 61 1001-213--1001
29 413.998 194 1001-223-622-127-862-998-355-833-771-957-612--1001
30 568.091 200 1001-235-373-206-460-99-641-150-690-282-42-888-918--1001
31 610.422 196 1001-247-339-273-368-184-332-546-653-968-580-465--1001
32 581.676 196 1001-260-675-691-98-227-784-245-295-277--1001
33 741.066 199 1001-276-835-920-124-280-749-951-480-750-118--1001
34 533.488 191 1001-306-763-533-11-907-466-346-192-445--1001
35 599.891 194 1001-308-453-208-476-251-880-390-479-909-340-834--1001
36 484.417 199 1001-313-435-400-103-724-33-427-623-81--1001
37 570.074 191 1001-377-731-296-446-896-666-157-492-242-609--1001
38 291.881 193 1001-394-212-758-386-788-290-625-729--1001
39 920.261 195 1001-410-786-534-999-701-30-252-441-354-938-385--1001
40 495.915 193 1001-433-120-225-781-246-857-636-976-980--1001
41 669.124 199 1001-448-573-791-577-483-795-162-398-865--1001
42 691.489 179 1001-462-249-203-779-432-545-352-470-837-436--1001
43 599.692 198 1001-463-54-988-538-100-397-159-286-941-108--1001
44 602.310 197 1001-486-891-973-170-351-241-711-592-131-633--1001
45 452.997 197 1001-487-218-202-47-406-935-955-56--1001
46 191.489 145 1001-489-411-770-302-721-898--1001
47 761.489 197 1001-496-263-418-167-886-566-571-659-481--1001
48 529.086 198 1001-515-963-595-683-740-627-443-798-514--1001
49 649.445 196 1001-544-654-754-190-717-843-145-698-739--1001
50 783.031 178 1001-558-64-115-36-378-414-311-709-270--1001
51 741.314 167 1001-582-324-211-520-468-768-693-274-919--1001
52 284.881 185 1001-606-254-449-800-281-634-82--1001
53 588.731 200 1001-616-637-305-657-341-315-416-707-135--1001
54 706.678 188 1001-650-230-936-624-587-271-660-221-314-317-76--1001
55 679.475 200 1001-655-890-107-488-275-31-503-39-200-338--1001
56 683.174 199 1001-656-358-879-727-550-34-191-217-594-6--1001
57 428.958 190 1001-667-330-948-842-499-256-176-821-847-318-172--1001
58 436.008 197 1001-673-361-95-265-829-298-807-638-79-63--1001
59 685.986 200 1001-692-91-652-434-193-720-232-978-467-376-348--1001
60 559.898 199 1001-695-931-292-774-793-37-778-181-871-661--1001
61 82.725 36 1001-697--1001
62 653.247 197 1001-702-628-388-134-279-387-942-591-614--1001
63 335.959 193 1001-703-262-185-189-500-415-997--1001
64 329.541 170 1001-704-35-744-581-811-618--1001
65 333.188 191 1001-706-773-686-471-921-613-267--1001
66 580.090 160 1001-708-597-504-59-24-224-171-923--1001
67 635.756 194 1001-710-96-700-161-440-776-972-913-85-175-7--1001
68 338.893 199 1001-712-540-713-741-93-60-787-621-537--1001
69 577.552 193 1001-726-617-502-403-930-309-429-815-137-643-362--1001
70 615.628 195 1001-746-29-719-902-48-882-382-832-940-528--1001
71 721.563 187 1001-752-620-684-600-49-952-55-20--1001
72 155.067 68 1001-775-299-328--1001
73 339.100 165 1001-790-459-943-783-132-852-772-635-65-278--1001
74 429.391 195 1001-802-876-984-508-904-300-464-114-129--1001
75 388.248 183 1001-804-820-629-553-748-563-755-723-792-586--1001
76 721.265 199 1001-808-243-379-958-375-121-284-285-177-23--1001
77 557.593 199 1001-819-447-599-947-226-41-329-366-674-780--1001
78 624.373 192 1001-838-964-442-350-863-824-151-966-69--1001
79 533.597 190 1001-848-696-133-672-994-322-204-728-565-485-142--1001
80 499.540 186 1001-849-903-814-180-475-523-722-649--1001
81 536.336 195 1001-854-165-914-396-962-785-542-689-864-291--1001
82 558.315 192 1001-858-640-737-367-45-959-543-325-336--1001
83 619.917 199 1001-872-188-764-906-347-196-939-554-678-301--1001
84 215.993 113 1001-873-607-630-182-239--1001
85 764.985 194 1001-881-511-229-294-25-490-228-146-431-174-469-75--1001
86 572.914 199 1001-885-401-493-52-685-424-836-92--1001
87 575.620 197 1001-893-901-817-856-412-425-12-261-567-850--1001
88 639.039 200 1001-899-123-995-950-579-419-912-578-19-996--1001
89 610.867 181 1001-908-457-669-631-78-236-705-5-44-381--1001
90 86.362 62 1001-911-743--1001
91 341.930 168 1001-927-971-444-917-965-572-320--1001
92 614.692 194 1001-928-250-732-736-438-922-734-512-4-125-104--1001
93 306.198 172 1001-932-718-517-651-853-18-915-664--1001
94 570.169 200 1001-960-679-575-169-797-94-756-868-839-676--1001
95 607.618 192 1001-967-198-725-269-109-399-639-506-422--1001
96 730.883 193 1001-979-210-111-813-491-158-316-604-27-855--1001
97 512.643 190 1001-983-164-644-334-760-437-933-682--1001
98 440.188 180 1001-986-555-714-509-343-43-186-72-810--1001
99 578.758 192 1001-992-738-875-946-293-178-333-321-183-97--1001
100 598.819 175 1001-1000-289-934-765-498-884-647-62-525-331-733-392--1001
