total_number_routes=90
total_route_len=45144.771
#rnum #length #load #depot-#customers-#customers-...-#customers-#depot
1 276.775 199 1001-11-983-771-992-738-494-655-224--1001
2 695.384 196 1001-16-288-263-108-965-320-571-780-938--1001
3 353.575 198 1001-21-762-884-636-325-870-667--1001
4 465.740 199 1001-27-342-137-596-312-800-525-788-306--1001
5 683.049 198 1001-31-827-530-743-457-174-942-506-394-92-294--1001
6 665.186 200 1001-41-829-701-167-242-183-337-456-231-873--1001
7 538.818 199 1001-55-892-828-774-58-194-29-70-332-662--1001
8 304.991 200 1001-59-149-886-862-734-347-745-90--1001
9 426.913 198 1001-60-869-830-381-601-822-587-791-583--1001
10 388.568 200 1001-63-518-685-545-315-146-201-973-826-24-202--1001
11 352.136 198 1001-74-883-514-426-405-951-159-529--1001
12 507.642 196 1001-77-823-424-203-64-319-497-193-879-688-566-43--1001
13 500.036 194 1001-88-49-439-409-8-968--1001
14 403.319 194 1001-93-271-850-354-932-436-82-617-217-458--1001
15 571.999 198 1001-96-901-274-844-364-377-452-223-282-198-172-232--1001
16 518.864 200 1001-114-683-971-713-428-918-928-718-36--1001
17 578.347 200 1001-143-150-776-963-219-665-675-813-552-896-35-249-519-379--1001
18 534.876 200 1001-144-383-308-668-229-197-328-752-128--1001
19 520.412 199 1001-161-45-923-645-75-307-535-19-496-569-513-696--1001
20 300.378 199 1001-162-135-360-52-602-806-68-954-192--1001
21 539.831 200 1001-171-321-20-861-455-23-445-638-131-112-673-804--1001
22 125.771 196 1001-176-793-230-779-871-991-252-272-859-344--1001
23 537.158 197 1001-179-473-211-431-821-512-897-95-98-265-237--1001
24 440.826 200 1001-180-903-670-736-521-205-33-103-926--1001
25 417.699 199 1001-215-401-692-515-690-573-560-123-303-260-889-678-677--1001
26 623.501 199 1001-225-853-487-549-10-860-76-138-280-622-182--1001
27 481.046 200 1001-228-996-419-839-466-539-746-255-283--1001
28 307.704 200 1001-234-206-293-706-248-578-633-54--1001
29 588.600 198 1001-240-327-107-906-710-656-761-208-106-13--1001
30 445.372 199 1001-275-89-323-471-874-592-447-650-801--1001
31 474.924 200 1001-285-38-672-493-890-390-247-604-191--1001
32 607.644 195 1001-297-986-71-630-253-15-671-262-712-524-72--1001
33 558.581 196 1001-300-768-875-888-351-599-756-170-245-591-226--1001
34 434.689 193 1001-311-17-679-876-281-238-657-507-503-168--1001
35 276.370 200 1001-316-350-588-517-273-85-669-527--1001
36 417.644 195 1001-346-388-166-450-663-723-730--1001
37 375.014 200 1001-355-395-116-742-408-18-900-887-286-945-562-979-872--1001
38 392.058 194 1001-363-629-725-298-891-731-958-522-233-91--1001
39 734.239 196 1001-365-998-504-195-110-454-969-708-122-953-121-132--1001
40 447.237 190 1001-370-148-534-37-974-878-362-330-475-324-442-154--1001
41 457.127 200 1001-375-155-26-516-483-492-693-794-934-863-597--1001
42 653.045 200 1001-376-589-554-783-550-358-858-899-119-348--1001
43 189.071 197 1001-389-402-87-393-792-284-178--1001
44 378.679 200 1001-407-538-817-14-304-930-134-635-613-414-805-251--1001
45 501.103 200 1001-449-40-618-615-937-469-160-511-907--1001
46 460.925 200 1001-451-437-984-220-867-837-666-292-785--1001
47 591.371 200 1001-453-261-391-796-540-565-750-209-558-186-385--1001
48 662.651 193 1001-462-748-640-851-881-943-572-914-559-73--1001
49 630.864 200 1001-474-1000-175-941-908-952-846-57-990-729-546-196--1001
50 573.088 194 1001-476-904-254-28-145-921-156-964-109--1001
51 497.671 200 1001-477-727-264-235-490-819-721-142-470-129-982-403--1001
52 612.474 200 1001-479-373-212-916-563-621-310-333-187-413-940--1001
53 596.740 197 1001-480-84-164-404-289-681-719-639-4--1001
54 330.601 198 1001-481-909-894-532-960-755-472-210-416-181--1001
55 634.013 195 1001-484-334-152-139-880-634-120-295-766--1001
56 700.234 198 1001-488-418-266-816-343-422-204-717-687-410-99--1001
57 711.910 196 1001-501-190-543-125-632-526-372-241-574-935-339-151--1001
58 597.993 200 1001-508-627-684-47-988-857-995-177-127--1001
59 485.444 198 1001-533-326-528-568-169-797-849-564-429-42-654-94-765--1001
60 349.796 200 1001-542-644-66-352-216-603-691-81-329-854-711--1001
61 586.087 200 1001-544-341-301-227-491-133-520-843-184-912--1001
62 600.522 200 1001-547-147-925-987-609-703-739-309-689-12-157-417--1001
63 568.293 197 1001-567-777-548-188-707-764-486-299-600-775-136--1001
64 384.606 195 1001-581-440-448-2-855-626-258-467-173--1001
65 726.706 200 1001-582-56-104-773-213-443-658-290-910-936-39-498-459--1001
66 719.903 197 1001-585-917-276-812-9-397-279-704-747-946--1001
67 718.887 200 1001-586-102-664-268-32-924-461-625-966-975-111-130-369--1001
68 274.073 197 1001-659-101-244-6-189-7-199-396--1001
69 725.595 198 1001-702-948-468-651-840-432-1-802--1001
70 316.405 197 1001-709-51-612-767-933-866-787-769-502-69--1001
71 453.247 197 1001-715-441-852-810-699-981-118-652-435--1001
72 505.636 200 1001-720-676-732-751-22-553-287-781-236-643-570--1001
73 713.467 195 1001-724-798-962-999-939-848-200-499-3-949-392--1001
74 538.778 200 1001-733-653-44-885-947-898-411-415--1001
75 671.122 196 1001-741-256-353-915-680-277-807-378-463-485-218--1001
76 488.628 199 1001-753-944-584-305-772-425-789-759-423--1001
77 588.907 200 1001-778-594-117-446-576-985-399-561-749--1001
78 563.571 200 1001-784-716-950-361-345-637-331-977-865-444--1001
79 392.092 197 1001-818-737-803-367-845-30-505--1001
80 678.599 199 1001-835-833-593-318-489-606-62-624-905-972--1001
81 127.997 200 1001-838-126-349-976-967-647-464-374-65-610--1001
82 675.934 199 1001-856-278-616-165-809-682-336-380-646--1001
83 204.215 198 1001-864-124-314-500-808-754-961-959-153-53--1001
84 586.636 197 1001-868-955-50-919-786-694-80-510-614-832-313--1001
85 533.709 197 1001-902-811-421-382-97-100-728-243-575-993-842-221--1001
86 618.026 196 1001-920-815-825-628-25-847-740-465-61-913-357-434--1001
87 598.032 199 1001-922-642-366-782-705-335-980-359-340-770-551-641--1001
88 457.683 197 1001-927-841-579-523-824-267-239-814-674-400--1001
89 123.911 197 1001-929-686-695-763-5-760-605-607-386--1001
90 575.793 200 1001-989-556-537-931-105-577-598-482-649-631-430--1001
